


tai20a.dat
20
0.00203587
0.00
1.74
10.05
6.19
11963.51
tai20a.dat
20
0.0206426
0.00
0.97
5.49
3.21
6963.57
rou20.dat
20
0.00153548
0.00
1.36
7.25
4.44
12823.13
rou20.dat
20
0.0199591
0.00
0.26
4.33
2.42
6036.90
tai25a.dat
25
0.004444
0.00
3.30
25.32
6.05
45343.96
tai25a.dat
25
0.0694534
0.00
2.35
4.25
3.24
6160.30
tai30a.dat
30
0.00854977
0.00
4.02
6.83
5.04
13887.29
tai30a.dat
30
0.205109
0.00
1.79
4.29
3.12
10401.33
tai60a.dat
60
0.274372
0.00
-12.72
-10.67
-11.62
37730.54
tai60a.dat
60
12.7555
0.00
-13.12
-12.23
-12.57
16194.24
tai80a.dat
80
1.30457
0.00
-10.63
-9.48
-10.05
52340.20
tai80a.dat
80
78.3378
0.00
-11.23
-10.66
-10.97
20734.21
nug30.dat
30
0.0112102
0.00
1.83
10.61
4.59
113.98
nug30.dat
30
0.231716
0.00
0.62
3.33
1.88
38.02
tho30.dat
30
0.0112895
0.00
-28.21
-18.58
-25.50
4435.58
tho30.dat
30
0.248821
0.00
-29.81
-27.77
-28.85
1178.25
sko42.dat
42
0.0710895
0.00
2.15
8.04
4.22
224.25
sko42.dat
42
2.14168
0.00
0.76
3.17
1.80
96.05
sko49.dat
49
0.134756
0.00
1.53
7.69
3.69
371.41
sko49.dat
49
4.84722
0.00
0.56
2.57
1.42
114.49
sko56.dat
56
0.281628
0.00
2.05
5.66
3.27
230.88
sko56.dat
56
10.8587
0.00
0.76
2.37
1.47
142.87
sko64.dat
64
0.604815
0.00
1.07
6.19
3.12
553.08
sko64.dat
64
25.004
0.00
0.94
2.14
1.50
167.65
bur26a.dat
26
0.00658187
0.00
0.12
0.96
0.36
11629.57
bur26a.dat
26
0.112603
6.45
0.00
0.22
0.11
3199.07
bur26b.dat
26
0.00640955
0.00
0.00
3.02
0.47
19299.87
bur26b.dat
26
0.111427
0.00
0.00
0.26
0.14
3282.73
bur26c.dat
26
0.006394
0.00
0.03
1.44
0.57
21339.75
bur26c.dat
26
0.111728
3.23
0.00
0.19
0.03
2187.82
bur26d.dat
26
0.00586474
0.00
0.00
1.67
0.41
15812.19
bur26d.dat
26
0.106399
6.45
0.00
0.30
0.06
3518.47
chr25a.dat
25
0.00467471
0.00
34.40
170.92
65.04
1006.34
chr25a.dat
25
0.0744847
0.00
16.12
49.63
32.90
307.40
chr25a.dat
25
0.004793
0.00
24.50
204.16
69.26
1389.90
chr25a.dat
25
0.0742544
0.00
19.76
45.36
34.33
271.60
els19.dat
19
0.00162697
3.23
0.00
54.10
26.19
2268511.19
els19.dat
19
0.0183525
22.58
0.00
23.82
6.61
1389832.46
kra30a.dat
30
0.0106685
0.00
-31.36
-17.16
-28.45
3490.60
kra30a.dat
30
0.214527
0.00
-32.72
-30.39
-31.56
839.47
kra30b.dat
30
0.0113025
0.00
-30.50
-19.07
-27.35
3221.27
kra30b.dat
30
0.215416
0.00
-31.67
-28.94
-30.38
824.37
ste36b.dat
36
0.0361116
0.00
8.79
44.30
22.62
1558.76
ste36b.dat
36
0.821525
0.00
1.36
13.70
7.12
575.95
tai20b.dat
20
0.00182055
0.00
0.90
39.59
-94.87
141723570.62
tai20b.dat
20
0.024458
3.23
0.00
11.94
342.58
422539727.57
tai25b.dat
25
0.00626794
0.00
0.37
43.29
54.49
145786187.31
tai25b.dat
25
0.0943388
0.00
0.27
9.69
44.00
141210026.75
tai30b.dat
30
0.0131582
0.00
2.28
30.90
-96.41
705947370.61
tai30b.dat
30
0.277565
0.00
0.18
7.71
-18.85
141790695.36
tai35b.dat
35
0.039197
0.00
1.27
22.14
-89.32
282011830.99
tai35b.dat
35
0.954265
0.00
0.45
5.38
-96.19
281695823.44
tai40b.dat
40
0.0697659
0.00
1.32
16.62
-97.98
704652517.17
tai40b.dat
40
1.87069
0.00
0.13
6.77
-18.95
141563434.11
tai50b.dat
50
0.202224
0.00
1.71
12.38
6.15
12723525.33
tai50b.dat
50
6.57247
0.00
0.41
3.73
-88.69
422542252.29
tai80b.dat
80
2.4183
0.00
3.38
9.78
-95.75
845125005.87
tai80b.dat
80
121.643
0.00
1.79
4.31
-98.48
845040743.82